Fine-tuning Bert for agency prediction:
Epoch  |  Batch  |  Train Loss  |  Val Loss  |  Val Acc  |  Elapsed
----------------------------------------------------------------------
   1    |    -    |   0.413591   |  0.332627  |   85.27   |  140.19
   2    |    -    |   0.283476   |  0.334957  |   85.46   |  148.04
   3    |    -    |   0.234301   |  0.334957  |   85.46   |  149.72
   4    |    -    |   0.233000   |  0.334957  |   85.46   |  149.87
Training complete! Best accuracy: 85.46%.


 Fine-tuning Bert for sociality prediction:
Epoch  |  Batch  |  Train Loss  |  Val Loss  |  Val Acc  |  Elapsed
----------------------------------------------------------------------
   1    |    -    |   0.285471   |  0.300710  |   89.87   |  148.88
   2    |    -    |   0.192748   |  0.244260  |   92.00   |  148.82
   3    |    -    |   0.143738   |  0.304405  |   91.67   |  148.58
   4    |    -    |   0.102643   |  0.402161  |   91.10   |  148.33
Training complete! Best accuracy: 92.00%.




CNN for agency prediction:
 Epoch  |  Train Loss  |  Val Loss  |  Val Acc  |  Elapsed
------------------------------------------------------------
   1    |   0.593139   |  0.564251  |   73.34   |   1.58
   2    |   0.532069   |  0.534442  |   73.86   |   1.54
   3    |   0.490541   |  0.505256  |   75.38   |   1.57
   4    |   0.449413   |  0.479815  |   77.46   |   1.54
   5    |   0.410737   |  0.461056  |   78.36   |   1.59
   6    |   0.375050   |  0.448150  |   79.40   |   1.56
   7    |   0.343196   |  0.439217  |   79.59   |   1.57
   8    |   0.314619   |  0.433326  |   79.83   |   1.55
   9    |   0.286759   |  0.429180  |   79.64   |   1.55
  10    |   0.260573   |  0.426809  |   79.73   |   1.60
  11    |   0.236882   |  0.425556  |   79.78   |   1.55
  12    |   0.214899   |  0.425236  |   80.07   |   1.57
  13    |   0.193307   |  0.426425  |   80.35   |   1.56
  14    |   0.175016   |  0.427790  |   80.30   |   1.58
  15    |   0.157038   |  0.430266  |   80.30   |   1.58
  16    |   0.141881   |  0.433160  |   80.45   |   1.56
  17    |   0.127545   |  0.436410  |   80.26   |   1.58
  18    |   0.114437   |  0.440588  |   80.26   |   1.56
  19    |   0.102967   |  0.445691  |   80.26   |   1.61
  20    |   0.091539   |  0.451033  |   80.11   |   1.56


Training complete! Best accuracy: 80.45%.

CNN for sociality prediction:
 Epoch  |  Train Loss  |  Val Loss  |  Val Acc  |  Elapsed
------------------------------------------------------------
   1    |   0.648334   |  0.604778  |   67.38   |   1.56
   2    |   0.551593   |  0.518208  |   77.08   |   1.56
   3    |   0.457769   |  0.443427  |   80.87   |   1.60
   4    |   0.376761   |  0.388246  |   84.00   |   1.55
   5    |   0.313183   |  0.352104  |   85.70   |   1.58
   6    |   0.266262   |  0.329667  |   86.46   |   1.56
   7    |   0.230782   |  0.315667  |   87.22   |   1.57
   8    |   0.201157   |  0.306894  |   87.69   |   1.61
   9    |   0.176901   |  0.301215  |   87.97   |   1.56
  10    |   0.156121   |  0.297981  |   88.16   |   1.59
  11    |   0.137728   |  0.296307  |   88.12   |   1.56
  12    |   0.121807   |  0.296067  |   88.21   |   1.59
  13    |   0.107531   |  0.296518  |   88.49   |   1.58
  14    |   0.094692   |  0.297623  |   88.54   |   1.57
  15    |   0.083155   |  0.299574  |   88.49   |   1.56
  16    |   0.073113   |  0.302074  |   88.54   |   1.56
  17    |   0.063891   |  0.305138  |   88.40   |   1.61
  18    |   0.056150   |  0.308972  |   88.49   |   1.56
  19    |   0.049127   |  0.312892  |   88.45   |   1.59
  20    |   0.043174   |  0.317728  |   88.26   |   1.56


Training complete! Best accuracy: 88.54%.